0 0.3975 0.2314487632508834 0.06 0.10954063604240283
0 0.61375 0.28975265017667845 0.0525 0.07773851590106007
0 0.335 0.2703180212014134 0.045 0.0812720848056537
0 0.5375 0.3162544169611307 0.035 0.06007067137809187
0 0.4925 0.31448763250883394 0.035 0.05653710247349823
1 0.78 0.26325088339222613 0.05 0.07420494699646643
1 0.84 0.2773851590106007 0.065 0.08833922261484099
1 0.46 0.2968197879858657 0.03 0.04946996466431095
1 0.09 0.303886925795053 0.03 0.04946996466431095
1 0.1975 0.31095406360424027 0.03 0.05653710247349823
