1 0.027327935222672066 0.16231884057971013 0.038461538461538464 0.052173913043478265
1 0.10222672064777329 0.1565217391304348 0.038461538461538464 0.052173913043478265
0 0.1700404858299595 0.19710144927536233 0.0728744939271255 0.11594202898550725
0 0.2591093117408907 0.20869565217391306 0.0728744939271255 0.09855072463768116
0 0.4736842105263158 0.1536231884057971 0.0931174089068826 0.1391304347826087
0 0.541497975708502 0.15797101449275364 0.04251012145748988 0.07246376811594203
0 0.7925101214574899 0.13478260869565217 0.0465587044534413 0.07246376811594203
0 0.909919028340081 0.1289855072463768 0.09919028340080972 0.1826086956521739
0 0.9838056680161943 0.12028985507246377 0.032388663967611336 0.08405797101449275
1 0.2884615384615385 0.10434782608695653 0.03441295546558704 0.0463768115942029
