0 0.1325 0.24375 0.025 0.04583333333333333
0 0.115 0.36666666666666664 0.025 0.05
1 0.16375 0.5354166666666667 0.0325 0.05416666666666667
1 0.47250000000000003 0.36666666666666664 0.02 0.05
0 0.305 0.6166666666666667 0.04 0.06666666666666667
1 0.23875000000000002 0.23541666666666666 0.0275 0.0625
1 0.28875 0.5020833333333333 0.0325 0.0625
0 0.36125 0.2895833333333333 0.0275 0.0375
1 0.015 0.3854166666666667 0.025 0.04583333333333333
1 0.49125 0.5416666666666666 0.0275 0.05
1 0.44125000000000003 0.48333333333333334 0.0225 0.05
0 0.2675 0.3125 0.035 0.058333333333333334
0 0.62875 0.23958333333333334 0.0225 0.0375
1 0.6950000000000001 0.29791666666666666 0.02 0.0375
0 0.6375000000000001 0.3625 0.02 0.05
0 0.74875 0.41875 0.0275 0.05416666666666667
0 0.6875 0.5 0.025 0.05
0 0.6725 0.08541666666666667 0.02 0.0375
1 0.3225 0.35833333333333334 0.025 0.041666666666666664
1 0.295 0.25 0.02 0.03333333333333333
1 0.2025 0.3625 0.025 0.05
1 0.8975 0.275 0.02 0.03333333333333333
