1 0.13875 0.20912547528517111 0.0625 0.11406844106463879
1 0.42375 0.25285171102661597 0.0575 0.10266159695817491
1 0.595 0.25665399239543724 0.045 0.07984790874524715
1 0.77125 0.26045627376425856 0.0425 0.06463878326996197
1 0.83625 0.25665399239543724 0.0325 0.057034220532319393
1 0.86 0.26425855513307983 0.025 0.049429657794676805
1 0.28125 0.21482889733840305 0.0225 0.04182509505703422
1 0.38 0.21102661596958175 0.025 0.04182509505703422
1 0.0375 0.20342205323193915 0.03 0.049429657794676805
1 0.49875 0.2300380228136882 0.0225 0.034220532319391636
1 0.6825 0.2414448669201521 0.02 0.034220532319391636
1 0.70375 0.24334600760456274 0.0225 0.03802281368821293
1 0.07875 0.20342205323193915 0.0225 0.04182509505703422
1 0.00875 0.19391634980988592 0.0125 0.045627376425855515
1 0.55875 0.2224334600760456 0.0175 0.034220532319391636
1 0.32875 0.2262357414448669 0.0175 0.034220532319391636
1 0.2275 0.20722433460076045 0.02 0.034220532319391636
1 0.19 0.20912547528517111 0.02 0.03802281368821293
1 0.6275000000000001 0.24524714828897337 0.035 0.07984790874524715
