1 0.13 0.28888888888888886 0.045 0.08888888888888889
1 0.3425 0.2866666666666667 0.045 0.09333333333333334
1 0.48375 0.31333333333333335 0.0275 0.06666666666666667
1 0.8225 0.30444444444444446 0.03 0.06666666666666667
0 0.72375 0.33111111111111113 0.0375 0.09333333333333334
0 0.60375 0.34 0.0475 0.1111111111111111
1 0.55625 0.3466666666666667 0.0275 0.05333333333333333
1 0.6687500000000001 0.32222222222222224 0.0225 0.06666666666666667
1 0.6975 0.32222222222222224 0.025 0.057777777777777775
1 0.28375 0.30666666666666664 0.0225 0.05333333333333333
1 0.01875 0.28444444444444444 0.0175 0.044444444444444446
1 0.058750000000000004 0.2733333333333333 0.0175 0.04888888888888889
1 0.25625 0.31333333333333335 0.0275 0.04888888888888889
1 0.5125 0.32666666666666666 0.02 0.057777777777777775
