0 0.08959537572254335 0.35507246376811596 0.0674373795761079 0.08405797101449275
0 0.20520231213872833 0.34347826086956523 0.025048169556840076 0.04927536231884058
0 0.7003853564547206 0.4420289855072464 0.07129094412331406 0.1246376811594203
0 0.8285163776493256 0.4057971014492754 0.06165703275529865 0.06956521739130435
0 0.9624277456647399 0.43333333333333335 0.07514450867052024 0.13623188405797101
0 0.22350674373795762 0.3492753623188406 0.019267822736030827 0.03768115942028986
0 0.3603082851637765 0.3681159420289855 0.023121387283236993 0.0463768115942029
0 0.36127167630057805 0.32028985507246377 0.01348747591522158 0.026086956521739132
0 0.6907514450867052 0.3347826086956522 0.028901734104046242 0.043478260869565216
0 0.4913294797687861 0.4 0.057803468208092484 0.0927536231884058
0 0.5433526011560693 0.36231884057971014 0.030828516377649325 0.06376811594202898
0 0.37764932562620424 0.34347826086956523 0.02697495183044316 0.04927536231884058
0 0.6628131021194605 0.33043478260869563 0.023121387283236993 0.034782608695652174
0 0.5761078998073218 0.34202898550724636 0.023121387283236993 0.034782608695652174
0 0.6502890173410405 0.30434782608695654 0.017341040462427744 0.028985507246376812
