1 0.5391666666666667 0.30226700251889166 0.04166666666666667 0.08564231738035265
1 0.8466666666666667 0.2619647355163728 0.05333333333333334 0.10075566750629722
1 0.8133333333333334 0.2544080604534005 0.04 0.07052896725440806
1 0.4758333333333334 0.2229219143576826 0.03166666666666667 0.0579345088161209
1 0.3191666666666667 0.21914357682619648 0.028333333333333335 0.05037783375314861
1 0.4316666666666667 0.16624685138539042 0.023333333333333334 0.04030226700251889
1 0.515 0.18765743073047858 0.023333333333333334 0.03778337531486146
1 0.5208333333333334 0.15113350125944583 0.018333333333333333 0.030226700251889168
1 0.15416666666666667 0.1964735516372796 0.03166666666666667 0.055415617128463476
1 0.18666666666666668 0.172544080604534 0.023333333333333334 0.042821158690176324
1 0.22083333333333335 0.1574307304785894 0.015000000000000001 0.0327455919395466
1 0.37333333333333335 0.13350125944584382 0.016666666666666666 0.03526448362720403
1 0.4541666666666667 0.14357682619647355 0.015000000000000001 0.025188916876574305
1 0.24250000000000002 0.1486146095717884 0.015000000000000001 0.025188916876574305
1 0.07583333333333334 0.1486146095717884 0.015000000000000001 0.030226700251889168
1 0.029166666666666667 0.14231738035264482 0.011666666666666667 0.027707808564231738
1 0.27083333333333337 0.1385390428211587 0.015000000000000001 0.025188916876574305
1 0.6883333333333334 0.17380352644836272 0.023333333333333334 0.04534005037783375
1 0.33916666666666667 0.1952141057934509 0.028333333333333335 0.05289672544080604
1 0.35000000000000003 0.13727959697732997 0.013333333333333334 0.027707808564231738
