0 0.18625 0.29285714285714287 0.0625 0.10714285714285714
0 0.47000000000000003 0.29107142857142854 0.065 0.09642857142857142
0 0.37 0.28214285714285714 0.055 0.09999999999999999
0 0.35875 0.20535714285714285 0.0475 0.08214285714285714
0 0.58875 0.20535714285714285 0.0525 0.09642857142857142
0 0.84375 0.29107142857142854 0.0625 0.09642857142857142
0 0.705 0.2517857142857143 0.05 0.08928571428571429
1 0.7575000000000001 0.2517857142857143 0.045 0.08214285714285714
1 0.6325000000000001 0.20892857142857144 0.04 0.075
1 0.7000000000000001 0.3339285714285714 0.045 0.075
1 0.39875 0.18571428571428572 0.0375 0.07142857142857142
1 0.1525 0.29285714285714287 0.05 0.09285714285714286
