0 0.76625 0.15485074626865672 0.08750000000000001 0.16791044776119401
0 0.63625 0.19589552238805968 0.0625 0.1455223880597015
0 0.53625 0.18097014925373134 0.0575 0.12313432835820895
0 0.48125 0.19962686567164178 0.0525 0.10074626865671642
0 0.33875 0.19589552238805968 0.0525 0.09328358208955223
0 0.43375 0.14925373134328357 0.0325 0.06716417910447761
0 0.12875 0.22014925373134328 0.0375 0.07462686567164178
0 0.2225 0.20522388059701493 0.035 0.08208955223880597
0 0.0425 0.24253731343283583 0.03 0.05970149253731343
0 0.37375 0.1623134328358209 0.0275 0.055970149253731345
0 0.30375 0.1921641791044776 0.0325 0.08582089552238806
0 0.27625 0.18097014925373134 0.0225 0.048507462686567165
0 0.6 0.14365671641791045 0.03 0.048507462686567165
0 0.195 0.17350746268656717 0.03 0.041044776119402986
0 0.19625 0.20708955223880596 0.0225 0.041044776119402986
