0 0.66625 0.2602996254681648 0.08750000000000001 0.16104868913857678
0 0.885 0.22659176029962547 0.13 0.19850187265917604
0 0.5700000000000001 0.3202247191011236 0.065 0.09363295880149813
0 0.51625 0.3333333333333333 0.0525 0.10486891385767791
0 0.4625 0.3445692883895131 0.05 0.0749063670411985
0 0.3925 0.38202247191011235 0.04 0.0749063670411985
0 0.33625 0.3764044943820225 0.0275 0.056179775280898875
0 0.305 0.40636704119850187 0.025 0.04868913857677903
0 0.27875 0.3970037453183521 0.0225 0.0449438202247191
0 0.25875 0.3951310861423221 0.0275 0.04868913857677903
