1 0.5387500000000001 0.3634615384615385 0.0225 0.057692307692307696
1 0.75375 0.3653846153846154 0.0375 0.07692307692307693
1 0.22625 0.3153846153846154 0.0425 0.07692307692307693
1 0.04875 0.3961538461538462 0.0425 0.07692307692307693
1 0.06875 0.31730769230769235 0.0375 0.06538461538461539
1 0.10375000000000001 0.2980769230769231 0.0225 0.04230769230769231
1 0.54875 0.31730769230769235 0.0225 0.05
1 0.28 0.31730769230769235 0.015 0.026923076923076925
1 0.15125 0.4711538461538462 0.0275 0.057692307692307696
1 0.38625 0.32884615384615384 0.0075 0.019230769230769232
