0 0.035 0.34411764705882353 0.065 0.08235294117647059
0 0.3225 0.41323529411764703 0.1 0.10294117647058823
0 0.69875 0.39705882352941174 0.10250000000000001 0.12352941176470589
0 0.89875 0.10588235294117647 0.0675 0.07058823529411765
1 0.50125 0.15735294117647058 0.0725 0.08529411764705883
0 0.2575 0.22647058823529412 0.02 0.023529411764705882
0 0.40375 0.18088235294117647 0.0375 0.032352941176470584
0 0.36125 0.20441176470588235 0.0275 0.026470588235294117
1 0.29125 0.23088235294117646 0.0125 0.014705882352941176
0 0.06 0.21323529411764705 0.02 0.026470588235294117
0 0.1275 0.2426470588235294 0.015 0.020588235294117647
0 0.33 0.22794117647058823 0.02 0.026470588235294117
