1 0.09375 0.37545126353790614 0.0325 0.05776173285198556
1 0.6587500000000001 0.3916967509025271 0.0325 0.06137184115523466
0 0.9400000000000001 0.41335740072202165 0.05 0.07581227436823106
0 0.72875 0.4169675090252708 0.0425 0.06137184115523466
1 0.76125 0.4187725631768953 0.0275 0.036101083032490974
0 0.3875 0.40252707581227437 0.025 0.039711191335740074
1 0.25875 0.40974729241877256 0.0425 0.06137184115523466
0 0.2725 0.37906137184115524 0.025 0.043321299638989175
0 0.535 0.388086642599278 0.03 0.05415162454873646
1 0.495 0.39350180505415167 0.03 0.043321299638989175
1 0.44625000000000004 0.424187725631769 0.0325 0.05415162454873646
1 0.5962500000000001 0.4296028880866426 0.0175 0.02888086642599278
