1 0.41125 0.5616666666666666 0.0525 0.08333333333333334
1 0.64125 0.3816666666666667 0.0325 0.05666666666666667
1 0.2125 0.37000000000000005 0.02 0.04
0 0.12375 0.3466666666666667 0.0275 0.04666666666666667
1 0.28875 0.3116666666666667 0.0175 0.030000000000000002
1 0.2725 0.3116666666666667 0.015 0.030000000000000002
1 0.46 0.34500000000000003 0.025 0.03666666666666667
1 0.41500000000000004 0.32 0.025 0.04
1 0.54125 0.3066666666666667 0.0175 0.03333333333333333
1 0.38875 0.29333333333333333 0.0175 0.03333333333333333
1 0.36625 0.39 0.0375 0.05333333333333334
1 0.135 0.27666666666666667 0.02 0.02666666666666667
1 0.09375 0.34 0.0225 0.03333333333333333
1 0.61 0.27 0.015 0.02666666666666667
1 0.665 0.3566666666666667 0.025 0.04
