0 0.66625 0.2602996254681648 0.0825 0.15355805243445694
0 0.87875 0.2209737827715356 0.11750000000000001 0.1797752808988764
0 0.56875 0.3202247191011236 0.0575 0.09363295880149813
0 0.5175 0.32771535580524347 0.05 0.08614232209737828
0 0.46125 0.34269662921348315 0.0475 0.07116104868913858
0 0.3925 0.38202247191011235 0.04 0.0749063670411985
0 0.3375 0.3838951310861423 0.025 0.056179775280898875
0 0.3025 0.4044943820224719 0.025 0.052434456928838954
0 0.27875 0.3970037453183521 0.0225 0.0449438202247191
0 0.25875 0.3970037453183521 0.0225 0.03745318352059925
0 0.23 0.4101123595505618 0.02 0.033707865168539325
0 0.21375 0.41198501872659177 0.0175 0.03745318352059925
0 0.12 0.45131086142322097 0.015 0.026217228464419477
