1 0.495 0.3391472868217054 0.045 0.05813953488372093
1 0.0825 0.3488372093023256 0.05 0.07751937984496124
1 0.7000000000000001 0.4437984496124031 0.045 0.06589147286821706
1 0.8925000000000001 0.4728682170542636 0.035 0.06201550387596899
1 0.9825 0.3372093023255814 0.035 0.08527131782945736
1 0.62 0.28875968992248063 0.02 0.027131782945736434
1 0.135 0.313953488372093 0.025 0.03875968992248062
1 0.03875 0.3546511627906977 0.0325 0.050387596899224806
1 0.055 0.2616279069767442 0.015 0.03488372093023256
1 0.13 0.25387596899224807 0.02 0.027131782945736434
1 0.025 0.15310077519379844 0.01 0.01937984496124031
1 0.38375000000000004 0.22674418604651161 0.0175 0.01937984496124031
1 0.40125 0.20155038759689922 0.0125 0.023255813953488372
1 0.7375 0.22093023255813954 0.015 0.023255813953488372
1 0.67375 0.20348837209302326 0.0125 0.01937984496124031
1 0.65125 0.2596899224806202 0.0175 0.023255813953488372
1 0.50125 0.20348837209302326 0.0125 0.01937984496124031
1 0.32875 0.31976744186046513 0.0225 0.04263565891472868
1 0.42125 0.33527131782945735 0.0425 0.06589147286821706
1 0.58625 0.2131782945736434 0.0125 0.023255813953488372
1 0.75125 0.27325581395348836 0.0175 0.027131782945736434
0 0.24875 0.22868217054263565 0.0175 0.031007751937984496
