1 0.88875 0.16995073891625617 0.0475 0.11330049261083744
1 0.5337500000000001 0.21182266009852216 0.0475 0.10837438423645321
1 0.465 0.1724137931034483 0.05 0.11822660098522167
1 0.295 0.22167487684729065 0.05 0.10837438423645321
1 0.61625 0.1724137931034483 0.0325 0.08866995073891626
1 0.74375 0.16502463054187191 0.0275 0.06403940886699508
1 0.675 0.21674876847290642 0.03 0.06896551724137931
1 0.57125 0.1724137931034483 0.0325 0.08866995073891626
0 0.79625 0.1896551724137931 0.0475 0.10344827586206896
0 0.20125 0.21182266009852216 0.0475 0.10837438423645321
0 0.25 0.20935960591133004 0.045 0.11330049261083744
1 0.965 0.1896551724137931 0.02 0.054187192118226604
1 0.365 0.16502463054187191 0.03 0.09359605911330049
1 0.42 0.1896551724137931 0.045 0.11330049261083744
1 0.0725 0.20689655172413793 0.05 0.11822660098522167
