0 0.35000000000000003 0.36891385767790263 0.055 0.10112359550561797
0 0.48125 0.3651685393258427 0.0375 0.07116104868913858
0 0.63125 0.38764044943820225 0.0525 0.10112359550561797
0 0.71375 0.35580524344569286 0.0425 0.08239700374531836
0 0.9712500000000001 0.3764044943820225 0.0475 0.09363295880149813
0 0.83875 0.4344569288389513 0.0425 0.08239700374531836
0 0.88375 0.44382022471910115 0.0275 0.04868913857677903
0 0.7825 0.4400749063670412 0.03 0.04119850187265918
0 0.59 0.4101123595505618 0.03 0.06367041198501873
0 0.23500000000000001 0.41385767790262173 0.04 0.06367041198501873
0 0.19 0.43820224719101125 0.03 0.052434456928838954
0 0.13375 0.42696629213483145 0.0275 0.052434456928838954
0 0.4325 0.39887640449438205 0.025 0.04868913857677903
0 0.3925 0.4044943820224719 0.025 0.052434456928838954
