1 0.47500000000000003 0.1310861423220974 0.06 0.1198501872659176
1 0.585 0.2453183520599251 0.05 0.09363295880149813
1 0.7975 0.2883895131086142 0.04 0.052434456928838954
1 0.91 0.29775280898876405 0.04 0.056179775280898875
1 0.31125 0.38764044943820225 0.0225 0.033707865168539325
1 0.34875 0.38202247191011235 0.0175 0.03745318352059925
1 0.36625 0.3857677902621723 0.0225 0.03745318352059925
1 0.23750000000000002 0.31647940074906367 0.025 0.033707865168539325
1 0.17625 0.3913857677902622 0.0175 0.026217228464419477
1 0.09875 0.40262172284644193 0.0225 0.033707865168539325
1 0.07625 0.40074906367041196 0.0225 0.03745318352059925
1 0.095 0.350187265917603 0.02 0.033707865168539325
1 0.19375 0.40074906367041196 0.0175 0.0299625468164794
1 0.16 0.39325842696629215 0.015 0.03745318352059925
