0 0.26625 0.2690972222222222 0.2275 0.3020833333333333
1 0.1275 0.21527777777777776 0.06 0.09722222222222221
0 0.42375 0.2743055555555555 0.0525 0.09027777777777778
0 0.8225 0.2621527777777778 0.055 0.10069444444444443
0 0.6725 0.265625 0.035 0.059027777777777776
1 0.60875 0.22916666666666666 0.0375 0.08333333333333333
0 0.95625 0.2586805555555555 0.0275 0.04513888888888889
1 0.8575 0.23263888888888887 0.015 0.027777777777777776
1 0.8775000000000001 0.22395833333333331 0.015 0.017361111111111112
1 0.51625 0.29340277777777773 0.10250000000000001 0.18402777777777776
1 0.51125 0.1388888888888889 0.0625 0.06944444444444445
