0 0.3075 0.3214285714285714 0.055 0.0873015873015873
0 0.49875 0.3571428571428571 0.0425 0.07936507936507936
1 0.5387500000000001 0.376984126984127 0.0325 0.06349206349206349
0 0.56625 0.38095238095238093 0.0325 0.07936507936507936
0 0.72875 0.4107142857142857 0.0375 0.06746031746031746
0 0.83125 0.42857142857142855 0.0325 0.05555555555555555
0 0.86 0.4345238095238095 0.025 0.05952380952380952
1 0.75 0.4226190476190476 0.015 0.03571428571428571
0 0.9225 0.4246031746031746 0.025 0.047619047619047616
0 0.9425 0.4384920634920635 0.02 0.051587301587301584
