0 0.7675000000000001 0.15485074626865672 0.085 0.16791044776119401
0 0.63625 0.19402985074626866 0.0625 0.1417910447761194
0 0.53625 0.18097014925373134 0.0525 0.11567164179104478
0 0.48 0.19776119402985073 0.05 0.1044776119402985
0 0.34375 0.19402985074626866 0.0425 0.08955223880597014
0 0.12875 0.21828358208955223 0.0375 0.0708955223880597
0 0.2225 0.20522388059701493 0.035 0.07462686567164178
0 0.30375 0.19402985074626866 0.0375 0.08955223880597014
0 0.435 0.15111940298507462 0.03 0.06343283582089553
0 0.195 0.17164179104477612 0.03 0.03731343283582089
0 0.0425 0.24067164179104478 0.03 0.06343283582089553
0 0.095 0.2257462686567164 0.025 0.055970149253731345
0 0.0775 0.2126865671641791 0.02 0.04477611940298507
0 0.275 0.18097014925373134 0.02 0.048507462686567165
0 0.37375 0.1623134328358209 0.0275 0.055970149253731345
0 0.6 0.1455223880597015 0.03 0.05223880597014925
0 0.40875 0.1623134328358209 0.0275 0.041044776119402986
