0 0.28365384615384615 0.2838616714697406 0.05576923076923077 0.09510086455331411
0 0.4557692307692308 0.25360230547550433 0.05384615384615385 0.12103746397694523
0 0.8105769230769231 0.23775216138328528 0.05961538461538462 0.10086455331412103
1 0.8615384615384616 0.15273775216138327 0.026923076923076925 0.04610951008645533
1 0.060576923076923084 0.239193083573487 0.04423076923076923 0.08069164265129683
1 0.09807692307692309 0.24351585014409222 0.038461538461538464 0.06628242074927954
1 0.1375 0.24351585014409222 0.03653846153846154 0.07204610951008646
1 0.23942307692307693 0.2579250720461095 0.032692307692307694 0.07780979827089336
1 0.5028846153846154 0.2521613832853026 0.032692307692307694 0.0547550432276657
1 0.6423076923076924 0.23775216138328528 0.023076923076923078 0.037463976945244955
1 0.6663461538461539 0.18155619596541786 0.025 0.040345821325648415
1 0.6990384615384616 0.22622478386167144 0.021153846153846155 0.037463976945244955
1 0.5971153846153846 0.21037463976945245 0.021153846153846155 0.040345821325648415
1 0.3298076923076923 0.23054755043227665 0.028846153846153848 0.05763688760806916
