1 0.14125000000000001 0.21292775665399238 0.0625 0.11406844106463879
1 0.425 0.25285171102661597 0.05 0.09505703422053231
1 0.595 0.25665399239543724 0.04 0.07984790874524715
1 0.77125 0.26045627376425856 0.0375 0.06463878326996197
1 0.8375 0.25665399239543724 0.03 0.057034220532319393
1 0.8612500000000001 0.2661596958174905 0.0225 0.053231939163498096
1 0.03625 0.20342205323193915 0.0275 0.04182509505703422
1 0.0075 0.1920152091254753 0.01 0.04182509505703422
1 0.28125 0.21673003802281368 0.0225 0.03802281368821293
1 0.19125 0.21102661596958175 0.0225 0.04182509505703422
1 0.38 0.21292775665399238 0.025 0.045627376425855515
1 0.4975 0.23193916349809887 0.02 0.03802281368821293
1 0.435 0.1958174904942966 0.03 0.034220532319391636
1 0.62875 0.24714828897338403 0.0325 0.08365019011406843
1 0.6825 0.2414448669201521 0.02 0.034220532319391636
1 0.70375 0.24334600760456274 0.0225 0.03802281368821293
1 0.5225 0.2414448669201521 0.02 0.034220532319391636
1 0.3275 0.22433460076045628 0.02 0.030418250950570342
1 0.55875 0.22433460076045628 0.0175 0.03802281368821293
1 0.23 0.20722433460076045 0.02 0.034220532319391636
1 0.07875 0.20722433460076045 0.0225 0.04182509505703422
