0 0.6575 0.16034482758620688 0.075 0.1482758620689655
0 0.85875 0.18275862068965518 0.0725 0.13793103448275862
0 0.48875 0.18620689655172412 0.0425 0.06896551724137931
1 0.38 0.1879310344827586 0.03 0.05862068965517241
0 0.295 0.15172413793103448 0.04 0.06206896551724138
1 0.10125 0.1396551724137931 0.0225 0.03793103448275862
1 0.9825 0.19482758620689655 0.035 0.07241379310344828
0 0.21 0.16896551724137931 0.025 0.04827586206896552
1 0.7525000000000001 0.19482758620689655 0.04 0.07241379310344828
1 0.545 0.12241379310344827 0.025 0.03793103448275862
1 0.9812500000000001 0.13448275862068965 0.0375 0.05517241379310345
