0 0.47125 0.11235955056179775 0.0525 0.1198501872659176
0 0.6925 0.11423220973782772 0.05 0.10112359550561797
0 0.33375 0.18164794007490637 0.0425 0.07865168539325842
0 0.23750000000000002 0.250936329588015 0.04 0.0749063670411985
0 0.16375 0.2696629213483146 0.0425 0.0749063670411985
1 0.05625 0.16853932584269662 0.0525 0.10486891385767791
1 0.10625 0.17415730337078653 0.0425 0.09363295880149813
1 0.18 0.15917602996254682 0.025 0.056179775280898875
1 0.9137500000000001 0.5280898876404494 0.1275 0.149812734082397
1 0.5075000000000001 0.4044943820224719 0.055 0.10486891385767791
0 0.25875 0.17790262172284643 0.0225 0.04868913857677903
0 0.5675 0.16666666666666666 0.03 0.04119850187265918
0 0.38 0.16853932584269662 0.025 0.0449438202247191
1 0.28125 0.21161048689138576 0.0325 0.04868913857677903
0 0.24625 0.38764044943820225 0.0475 0.08614232209737828
