0 0.45982142857142855 0.12466487935656836 0.09464285714285714 0.1581769436997319
0 0.5205357142857143 0.10991957104557641 0.06964285714285715 0.13404825737265416
0 0.6607142857142857 0.12734584450402145 0.07142857142857142 0.10455764075067024
0 0.7285714285714285 0.1353887399463807 0.049999999999999996 0.0777479892761394
0 0.7866071428571428 0.09115281501340483 0.04821428571428571 0.08042895442359249
0 0.8732142857142857 0.12332439678284182 0.03214285714285714 0.05361930294906166
0 0.90625 0.1126005361930295 0.026785714285714284 0.04289544235924933
0 0.9330357142857143 0.12198391420911528 0.023214285714285715 0.029490616621983913
0 0.9571428571428571 0.1260053619302949 0.017857142857142856 0.02680965147453083
0 0.9883928571428571 0.12064343163538874 0.023214285714285715 0.02680965147453083
