0 0.15416666666666667 0.40875 0.04833333333333334 0.08750000000000001
0 0.35250000000000004 0.44 0.07500000000000001 0.13
0 0.48750000000000004 0.35875 0.045000000000000005 0.0775
0 0.6541666666666667 0.40875 0.058333333333333334 0.1075
0 0.8200000000000001 0.34125 0.04666666666666667 0.0825
1 0.07416666666666667 0.295 0.025 0.04
1 0.25833333333333336 0.23 0.02666666666666667 0.055
1 0.48500000000000004 0.21 0.023333333333333334 0.045
1 0.5575 0.19375 0.021666666666666667 0.0475
1 0.32 0.26125 0.02666666666666667 0.0425
1 0.43583333333333335 0.23 0.021666666666666667 0.04
1 0.8133333333333334 0.16875 0.023333333333333334 0.0525
1 0.8583333333333334 0.15375 0.023333333333333334 0.0525
1 0.9808333333333334 0.145 0.021666666666666667 0.04
1 0.4083333333333334 0.22 0.02 0.04
1 0.05916666666666667 0.21375 0.021666666666666667 0.0525
1 0.5916666666666667 0.1875 0.023333333333333334 0.045
1 0.685 0.1925 0.02 0.04
1 0.6683333333333333 0.1825 0.02 0.04
1 0.7258333333333333 0.17375000000000002 0.025 0.0375
1 0.9133333333333334 0.14625 0.02 0.0425
1 0.9466666666666668 0.15625 0.023333333333333334 0.0425
1 0.7783333333333334 0.18125 0.02 0.0375
1 0.5333333333333333 0.19875 0.023333333333333334 0.0475
1 0.35000000000000003 0.26625 0.023333333333333334 0.0425
