0 0.16902834008097167 0.1956521739130435 0.07894736842105263 0.11884057971014493
0 0.46963562753036436 0.15217391304347827 0.10121457489878542 0.14782608695652175
0 0.9089068825910931 0.13043478260869565 0.11336032388663968 0.19130434782608696
0 0.7925101214574899 0.13478260869565217 0.05060728744939271 0.08405797101449275
0 0.5404858299595142 0.15797101449275364 0.04453441295546559 0.07246376811594203
0 0.25809716599190285 0.21159420289855072 0.07894736842105263 0.11594202898550725
1 0.2834008097165992 0.10289855072463769 0.03643724696356275 0.05507246376811594
1 0.10425101214574899 0.15217391304347827 0.04251012145748988 0.06086956521739131
1 0.027327935222672066 0.16231884057971013 0.0465587044534413 0.06376811594202898
0 0.9817813765182186 0.12318840579710146 0.03643724696356275 0.08985507246376812
