1 0.22 0.6363636363636364 0.025 0.04895104895104895
0 0.3425 0.6188811188811189 0.03 0.055944055944055944
1 0.4925 0.5821678321678322 0.025 0.038461538461538464
0 0.24625 0.5384615384615384 0.0225 0.027972027972027972
0 0.265 0.583916083916084 0.025 0.04195804195804196
1 0.80125 0.4982517482517482 0.0175 0.024475524475524476
1 0.76625 0.47377622377622375 0.0125 0.017482517482517484
1 0.58 0.5052447552447552 0.015 0.024475524475524476
0 0.495 0.5437062937062938 0.02 0.03146853146853147
1 0.3425 0.4807692307692308 0.015 0.024475524475524476
1 0.38125000000000003 0.47027972027972026 0.0125 0.017482517482517484
0 0.62 0.5034965034965035 0.015 0.02097902097902098
1 0.385 0.534965034965035 0.02 0.04195804195804196
1 0.07625 0.6363636363636364 0.0425 0.04195804195804196
