0 0.11625 0.25384615384615383 0.0425 0.1076923076923077
0 0.2575 0.2282051282051282 0.05 0.11794871794871795
0 0.45375 0.24615384615384617 0.0475 0.11282051282051282
0 0.6675 0.2205128205128205 0.055 0.14358974358974358
0 0.74875 0.29743589743589743 0.0425 0.08205128205128205
0 0.84125 0.28974358974358977 0.0425 0.08717948717948718
0 0.32625 0.28974358974358977 0.0325 0.09743589743589744
0 0.51 0.31025641025641026 0.04 0.08717948717948718
0 0.61125 0.2564102564102564 0.0425 0.10256410256410256
0 0.36125 0.2794871794871795 0.0375 0.08717948717948718
