0 0.76625 0.15671641791044777 0.08750000000000001 0.17164179104477612
0 0.63625 0.19589552238805968 0.0625 0.13805970149253732
0 0.53625 0.18097014925373134 0.0575 0.12313432835820895
0 0.48125 0.19962686567164178 0.0525 0.10074626865671642
0 0.34125 0.19589552238805968 0.0475 0.09328358208955223
0 0.13 0.21828358208955223 0.04 0.0708955223880597
0 0.04125 0.23880597014925373 0.0325 0.06716417910447761
0 0.2225 0.20708955223880596 0.035 0.07835820895522388
0 0.43625 0.15111940298507462 0.0325 0.0708955223880597
0 0.6 0.14365671641791045 0.03 0.048507462686567165
0 0.1975 0.16977611940298507 0.035 0.041044776119402986
0 0.37375 0.1623134328358209 0.0275 0.055970149253731345
0 0.30625 0.19029850746268656 0.0375 0.08208955223880597
0 0.27625 0.18097014925373134 0.0225 0.048507462686567165
0 0.09375 0.2257462686567164 0.0225 0.055970149253731345
