0 0.88125 0.22846441947565543 0.11750000000000001 0.1947565543071161
0 0.6687500000000001 0.2621722846441948 0.0825 0.149812734082397
0 0.57125 0.3258426966292135 0.0625 0.09737827715355805
0 0.5175 0.33146067415730335 0.045 0.08614232209737828
0 0.4625 0.34831460674157305 0.045 0.08239700374531836
0 0.39375 0.3838951310861423 0.0425 0.07116104868913858
0 0.34 0.3857677902621723 0.025 0.06741573033707865
0 0.305 0.4101123595505618 0.025 0.04868913857677903
0 0.28 0.40074906367041196 0.02 0.0449438202247191
0 0.26125 0.3970037453183521 0.0225 0.0449438202247191
0 0.2325 0.4157303370786517 0.025 0.03745318352059925
