1 0.47625 0.43820224719101125 0.0375 0.08239700374531836
1 0.37875000000000003 0.4307116104868914 0.0325 0.06741573033707865
1 0.29375 0.3651685393258427 0.0275 0.04868913857677903
1 0.13375 0.44382022471910115 0.0325 0.06367041198501873
0 0.2125 0.39887640449438205 0.03 0.056179775280898875
1 0.155 0.3970037453183521 0.025 0.0449438202247191
0 0.24625 0.3951310861423221 0.0225 0.04119850187265918
0 0.54625 0.3913857677902622 0.0275 0.056179775280898875
1 0.435 0.41947565543071164 0.035 0.06741573033707865
1 0.36625 0.34269662921348315 0.0175 0.033707865168539325
0 0.3575 0.39887640449438205 0.02 0.04119850187265918
1 0.70125 0.39887640449438205 0.0275 0.056179775280898875
1 0.5325 0.352059925093633 0.03 0.0599250936329588
1 0.47500000000000003 0.34831460674157305 0.015 0.0299625468164794
1 0.49625 0.3707865168539326 0.0175 0.03745318352059925
0 0.59875 0.3707865168539326 0.0225 0.0449438202247191
1 0.58 0.352059925093633 0.02 0.03745318352059925
1 0.77 0.350187265917603 0.015 0.033707865168539325
1 0.73625 0.3333333333333333 0.0175 0.0299625468164794
1 0.68 0.3445692883895131 0.015 0.0299625468164794
1 0.98375 0.33146067415730335 0.0175 0.026217228464419477
1 0.93625 0.3389513108614232 0.0175 0.033707865168539325
1 0.805 0.3333333333333333 0.015 0.0299625468164794
1 0.82875 0.3408239700374532 0.0175 0.0299625468164794
1 0.71375 0.34831460674157305 0.0175 0.0299625468164794
1 0.62625 0.3539325842696629 0.0125 0.026217228464419477
