1 0.261 0.19466666666666665 0.094 0.176
1 0.20700000000000002 0.056 0.034 0.058666666666666666
1 0.08 0.13066666666666665 0.028 0.042666666666666665
1 0.02 0.124 0.024 0.04
1 0.127 0.09999999999999999 0.026000000000000002 0.04533333333333333
1 0.783 0.03866666666666667 0.038 0.050666666666666665
1 0.537 0.10933333333333332 0.034 0.048
1 0.583 0.112 0.026000000000000002 0.048
1 0.316 0.15066666666666667 0.032 0.050666666666666665
1 0.383 0.10266666666666667 0.022 0.04
1 0.355 0.14533333333333334 0.03 0.050666666666666665
1 0.683 0.128 0.034 0.042666666666666665
