0 0.39375 0.1688888888888889 0.08750000000000001 0.19555555555555557
0 0.45125 0.1 0.0675 0.13777777777777778
0 0.6125 0.1511111111111111 0.06 0.14222222222222222
0 0.6687500000000001 0.15333333333333332 0.0675 0.16444444444444445
0 0.8325 0.13333333333333333 0.09 0.1688888888888889
1 0.3275 0.15555555555555556 0.07 0.1511111111111111
0 0.28250000000000003 0.1288888888888889 0.065 0.14222222222222222
0 0.25375000000000003 0.12666666666666668 0.0375 0.12
1 0.21125 0.12666666666666668 0.0575 0.12
0 0.15 0.12222222222222222 0.055 0.12
