0 0.10125 0.37731481481481477 0.0425 0.08796296296296297
0 0.19125 0.40046296296296297 0.0425 0.09722222222222221
0 0.305 0.39814814814814814 0.045 0.1111111111111111
0 0.39875 0.37037037037037035 0.0375 0.09259259259259259
0 0.455 0.41898148148148145 0.045 0.10648148148148148
0 0.525 0.38425925925925924 0.04 0.09259259259259259
0 0.5875 0.3726851851851852 0.05 0.10648148148148148
0 0.67375 0.3796296296296296 0.0475 0.10185185185185185
0 0.7475 0.38657407407407407 0.05 0.11574074074074073
0 0.9025 0.3935185185185185 0.055 0.12962962962962962
