1 0.13375 0.44569288389513106 0.0325 0.06741573033707865
1 0.155 0.40074906367041196 0.025 0.0449438202247191
1 0.47625 0.43820224719101125 0.0375 0.08239700374531836
1 0.69875 0.3951310861423221 0.0425 0.07116104868913858
0 0.545 0.3951310861423221 0.03 0.06367041198501873
1 0.37875000000000003 0.43258426966292135 0.0375 0.07116104868913858
1 0.2925 0.36704119850187267 0.03 0.0599250936329588
0 0.2125 0.40262172284644193 0.035 0.06367041198501873
1 0.36625 0.3445692883895131 0.0225 0.0449438202247191
0 0.24625 0.3951310861423221 0.0275 0.04868913857677903
1 0.43625 0.4232209737827715 0.0375 0.0749063670411985
1 0.53125 0.35580524344569286 0.0375 0.06741573033707865
1 0.47500000000000003 0.352059925093633 0.02 0.03745318352059925
1 0.4975 0.3707865168539326 0.02 0.03745318352059925
0 0.59875 0.37453183520599254 0.0225 0.052434456928838954
1 0.7375 0.3352059925093633 0.02 0.04119850187265918
1 0.805 0.3333333333333333 0.02 0.03745318352059925
1 0.93625 0.3389513108614232 0.0225 0.033707865168539325
1 0.98375 0.33146067415730335 0.0175 0.033707865168539325
1 0.77 0.352059925093633 0.02 0.03745318352059925
1 0.82875 0.3389513108614232 0.0225 0.033707865168539325
1 0.88375 0.3333333333333333 0.0175 0.0299625468164794
1 0.58125 0.3539325842696629 0.0175 0.033707865168539325
