0 0.06625 0.3484848484848485 0.0775 0.13636363636363635
0 0.195 0.23106060606060608 0.06 0.11363636363636365
0 0.34625 0.28030303030303033 0.0675 0.12121212121212122
0 0.43375 0.22348484848484848 0.0675 0.12121212121212122
0 0.5025000000000001 0.46780303030303033 0.085 0.1553030303030303
0 0.6675 0.30492424242424243 0.07 0.13257575757575757
0 0.93125 0.07386363636363637 0.0375 0.07954545454545454
1 0.8975 0.06439393939393939 0.035 0.06818181818181818
0 0.18875 0.09090909090909091 0.0525 0.09848484848484848
0 0.84375 0.3731060606060606 0.0775 0.14015151515151517
0 0.735 0.2272727272727273 0.065 0.10606060606060606
0 0.9525 0.2159090909090909 0.06 0.11363636363636365
0 0.5275 0.16666666666666669 0.065 0.12121212121212122
0 0.03875 0.09090909090909091 0.0375 0.07575757575757576
0 0.1125 0.1856060606060606 0.05 0.10606060606060606
0 0.03125 0.030303030303030304 0.0375 0.05303030303030303
0 0.36125 0.06439393939393939 0.0425 0.07575757575757576
0 0.45375 0.13257575757575757 0.0525 0.08333333333333334
0 0.60375 0.07575757575757576 0.0475 0.07575757575757576
0 0.6675 0.10606060606060606 0.05 0.08333333333333334
0 0.725 0.12310606060606061 0.05 0.08712121212121213
0 0.73375 0.045454545454545456 0.0375 0.06818181818181818
0 0.96125 0.07007575757575758 0.0375 0.07196969696969698
0 0.88 0.02840909090909091 0.04 0.04924242424242424
1 0.145 0.17803030303030304 0.04 0.07575757575757576
0 0.39625 0.03409090909090909 0.0425 0.06060606060606061
