1 0.3425 0.1425438596491228 0.055 0.11842105263157894
1 0.2225 0.14912280701754385 0.045 0.08771929824561403
1 0.18125 0.11184210526315788 0.0325 0.05701754385964912
1 0.5125 0.15789473684210525 0.04 0.09649122807017543
1 0.41500000000000004 0.13157894736842105 0.035 0.07017543859649122
1 0.38125000000000003 0.08991228070175439 0.0325 0.06578947368421052
1 0.6025 0.10526315789473684 0.025 0.043859649122807015
1 0.55375 0.11184210526315788 0.0275 0.05701754385964912
1 0.74625 0.07456140350877193 0.0275 0.043859649122807015
1 0.6687500000000001 0.10087719298245613 0.0225 0.043859649122807015
1 0.48 0.1162280701754386 0.02 0.04824561403508772
1 0.5750000000000001 0.09868421052631579 0.025 0.05701754385964912
1 0.13375 0.13596491228070173 0.0225 0.03508771929824561
1 0.8150000000000001 0.10307017543859648 0.03 0.039473684210526314
