1 0.2225 0.1513157894736842 0.04 0.08333333333333333
1 0.34375 0.1425438596491228 0.0525 0.10964912280701754
1 0.51375 0.1557017543859649 0.0375 0.09210526315789473
1 0.41375 0.13157894736842105 0.0325 0.07017543859649122
1 0.38 0.08991228070175439 0.03 0.05701754385964912
1 0.47875 0.11842105263157894 0.0225 0.043859649122807015
1 0.435 0.12061403508771928 0.02 0.04824561403508772
1 0.55375 0.11403508771929824 0.0275 0.06140350877192982
1 0.5750000000000001 0.09868421052631579 0.025 0.05701754385964912
1 0.6025 0.10307017543859648 0.025 0.039473684210526314
1 0.18125 0.10964912280701754 0.0325 0.05263157894736842
1 0.13375 0.1337719298245614 0.0225 0.03070175438596491
1 0.6687500000000001 0.09868421052631579 0.0225 0.039473684210526314
1 0.74625 0.07017543859649122 0.0275 0.043859649122807015
1 0.8125 0.09868421052631579 0.03 0.039473684210526314
1 0.64875 0.11842105263157894 0.0175 0.03508771929824561
1 0.72375 0.08771929824561403 0.0225 0.043859649122807015
1 0.7775 0.08991228070175439 0.02 0.03070175438596491
1 0.83125 0.07894736842105263 0.0275 0.05263157894736842
