0 0.0975 0.07857142857142858 0.05 0.10952380952380954
1 0.1275 0.05714285714285715 0.03 0.0761904761904762
0 0.31125 0.08095238095238096 0.0525 0.1142857142857143
0 0.48 0.10476190476190478 0.055 0.1142857142857143
0 0.63 0.13333333333333336 0.055 0.1142857142857143
0 0.82125 0.18333333333333335 0.0525 0.11904761904761905
0 0.54125 0.13095238095238096 0.0325 0.06190476190476191
0 0.7837500000000001 0.1642857142857143 0.0225 0.05238095238095239
0 0.67625 0.16666666666666669 0.0275 0.05714285714285715
0 0.5700000000000001 0.14761904761904762 0.025 0.05714285714285715
1 0.3575 0.11190476190476191 0.015 0.03333333333333334
0 0.88625 0.1904761904761905 0.0225 0.04761904761904762
0 0.97 0.21190476190476193 0.025 0.07142857142857144
1 0.9500000000000001 0.21190476190476193 0.02 0.05238095238095239
0 0.92125 0.19285714285714287 0.0325 0.07142857142857144
0 0.715 0.16904761904761906 0.02 0.04285714285714286
