1 0.03508771929824561 0.5597189695550351 0.042105263157894736 0.06557377049180328
1 0.7324561403508772 0.5971896955503513 0.04035087719298246 0.0702576112412178
0 0.27631578947368424 0.6159250585480094 0.04736842105263158 0.06557377049180328
0 0.2394736842105263 0.5702576112412178 0.03333333333333333 0.053864168618266976
1 0.5087719298245614 0.6065573770491803 0.03508771929824561 0.05620608899297424
0 0.3798245614035088 0.5644028103044496 0.026315789473684213 0.04215456674473068
0 0.6280701754385966 0.5644028103044496 0.028070175438596492 0.04215456674473068
1 0.5719298245614035 0.5866510538641686 0.028070175438596492 0.03044496487119438
0 0.9096491228070176 0.5784543325526932 0.054385964912280704 0.07494145199063232
1 0.42894736842105263 0.5644028103044496 0.01929824561403509 0.023419203747072598
1 0.3394736842105263 0.5690866510538641 0.015789473684210527 0.023419203747072598
1 0.2868421052631579 0.5562060889929742 0.015789473684210527 0.02576112412177986
0 0.6587719298245615 0.5737704918032787 0.02280701754385965 0.03278688524590164
1 0.8219298245614035 0.5796252927400468 0.026315789473684213 0.0351288056206089
1 0.6973684210526316 0.5714285714285714 0.012280701754385965 0.01873536299765808
1 0.4807017543859649 0.5644028103044496 0.017543859649122806 0.02810304449648712
1 0.08070175438596491 0.5526932084309133 0.014035087719298246 0.023419203747072598
1 0.14912280701754385 0.5819672131147541 0.02456140350877193 0.0351288056206089
0 0.1368421052631579 0.5702576112412178 0.021052631578947368 0.0351288056206089
1 0.3991228070175439 0.5679156908665105 0.01929824561403509 0.03044496487119438
1 0.9587719298245614 0.6182669789227166 0.0824561403508772 0.11241217798594848
1 0.5175438596491229 0.5644028103044496 0.017543859649122806 0.023419203747072598
