0 0.07875 0.2 0.0725 0.12830188679245283
0 0.7987500000000001 0.27547169811320754 0.11750000000000001 0.24150943396226415
0 0.6062500000000001 0.20566037735849058 0.0575 0.1169811320754717
0 0.46125 0.20754716981132076 0.0825 0.1660377358490566
0 0.32125 0.19245283018867926 0.0575 0.12075471698113208
0 0.24375 0.17169811320754716 0.0525 0.10943396226415095
0 0.18625 0.20566037735849058 0.0475 0.10943396226415095
0 0.13625 0.1641509433962264 0.0275 0.06415094339622641
0 0.41125 0.17358490566037735 0.0325 0.09056603773584906
1 0.67375 0.24339622641509434 0.0325 0.05660377358490566
