1 0.1225 0.20973782771535582 0.025 0.0449438202247191
0 0.2175 0.28464419475655434 0.075 0.11235955056179775
0 0.31875000000000003 0.3445692883895131 0.0825 0.14232209737827717
1 0.27125 0.22659176029962547 0.0175 0.04119850187265918
0 0.5225 0.29775280898876405 0.06 0.09363295880149813
0 0.6725 0.26591760299625467 0.035 0.06741573033707865
0 0.7425 0.299625468164794 0.065 0.11235955056179775
0 0.79625 0.27715355805243447 0.0425 0.0749063670411985
0 0.9500000000000001 0.3089887640449438 0.05 0.07865168539325842
0 0.9725 0.27902621722846443 0.055 0.07865168539325842
0 0.92 0.2958801498127341 0.03 0.0599250936329588
