1 0.095 0.36041666666666666 0.025 0.05416666666666667
1 0.115 0.35625 0.02 0.04583333333333333
1 0.22875 0.36041666666666666 0.0275 0.05416666666666667
1 0.2575 0.34791666666666665 0.025 0.05416666666666667
1 0.35000000000000003 0.3520833333333333 0.025 0.05416666666666667
1 0.36625 0.3375 0.0225 0.05
1 0.4675 0.3541666666666667 0.025 0.05
1 0.5725 0.35625 0.05 0.05416666666666667
1 0.59125 0.30416666666666664 0.0275 0.05
1 0.70625 0.34375 0.0275 0.05416666666666667
1 0.72375 0.26875 0.0275 0.05416666666666667
1 0.8150000000000001 0.3458333333333333 0.025 0.05
1 0.80375 0.2875 0.0275 0.05
1 0.915 0.2833333333333333 0.025 0.058333333333333334
1 0.92125 0.3333333333333333 0.0275 0.058333333333333334
1 0.48625 0.32916666666666666 0.0175 0.041666666666666664
1 0.505 0.33958333333333335 0.02 0.0375
