0 0.39875 0.16483516483516483 0.11750000000000001 0.1978021978021978
0 0.30125 0.1227106227106227 0.08750000000000001 0.12087912087912088
0 0.525 0.1575091575091575 0.095 0.16117216117216118
0 0.76375 0.16666666666666666 0.0525 0.08424908424908426
0 0.87875 0.14285714285714285 0.0425 0.05860805860805861
1 0.6950000000000001 0.1446886446886447 0.02 0.040293040293040296
1 0.14125000000000001 0.08058608058608059 0.0325 0.05128205128205128
1 0.02 0.08241758241758242 0.035 0.06227106227106227
1 0.09 0.07142857142857142 0.025 0.040293040293040296
1 0.805 0.15018315018315018 0.02 0.03663003663003663
1 0.8300000000000001 0.14102564102564102 0.02 0.03296703296703297
1 0.7262500000000001 0.1391941391941392 0.0225 0.03663003663003663
1 0.4625 0.09340659340659341 0.02 0.040293040293040296
1 0.63125 0.15934065934065933 0.0225 0.03296703296703297
