0 0.19125 0.5091743119266056 0.0375 0.08256880733944955
1 0.30375 0.518348623853211 0.0325 0.08256880733944955
0 0.5175 0.5206422018348624 0.045 0.10550458715596331
0 0.67125 0.5321100917431193 0.0325 0.06422018348623854
0 0.73375 0.5298165137614679 0.0375 0.0779816513761468
0 0.8525 0.5504587155963303 0.03 0.06422018348623854
1 0.9237500000000001 0.5114678899082569 0.0275 0.05045871559633028
1 0.59875 0.5389908256880734 0.0325 0.06880733944954129
1 0.13125 0.5321100917431193 0.0225 0.045871559633027525
1 0.1075 0.5137614678899083 0.03 0.05504587155963303
1 0.81125 0.5527522935779817 0.0225 0.05045871559633028
1 0.86875 0.5252293577981652 0.0225 0.05045871559633028
1 0.77 0.5206422018348624 0.02 0.04128440366972477
0 0.76 0.536697247706422 0.025 0.045871559633027525
