0 0.6096579476861167 0.2859778597785978 0.11267605633802819 0.2177121771217712
0 0.8078470824949698 0.2859778597785978 0.09456740442655936 0.2029520295202952
0 0.9346076458752516 0.33210332103321033 0.04627766599597586 0.08118081180811808
1 0.6851106639839035 0.1088560885608856 0.05432595573440644 0.13653136531365312
0 0.3672032193158954 0.32287822878228783 0.07042253521126761 0.12177121771217712
0 0.3098591549295775 0.36531365313653136 0.06841046277665996 0.14022140221402213
0 0.20724346076458755 0.41697416974169743 0.052313883299798795 0.08118081180811808
0 0.261569416498994 0.37822878228782286 0.044265593561368215 0.0996309963099631
0 0.4929577464788733 0.38191881918819187 0.044265593561368215 0.07011070110701106
0 0.06438631790744467 0.41697416974169743 0.024144869215291753 0.03690036900369004
