1 0.29625 0.21921182266009853 0.0475 0.09359605911330049
0 0.2475 0.2044334975369458 0.04 0.10344827586206896
0 0.2 0.2044334975369458 0.045 0.09359605911330049
1 0.46375 0.16995073891625617 0.0425 0.10344827586206896
1 0.53 0.2142857142857143 0.035 0.10344827586206896
1 0.425 0.19211822660098524 0.035 0.10837438423645321
1 0.365 0.16748768472906403 0.035 0.08866995073891626
1 0.0775 0.2315270935960591 0.04 0.059113300492610835
1 0.56875 0.1748768472906404 0.0275 0.07389162561576355
1 0.61625 0.16995073891625617 0.0275 0.07389162561576355
1 0.6775 0.21674876847290642 0.025 0.059113300492610835
1 0.745 0.16502463054187191 0.02 0.054187192118226604
0 0.8 0.1896551724137931 0.04 0.09359605911330049
1 0.89 0.1748768472906404 0.04 0.10344827586206896
1 0.96625 0.1896551724137931 0.0175 0.04433497536945813
