1 0.63125 0.2800751879699248 0.0475 0.09398496240601503
0 0.51 0.3007518796992481 0.055 0.10526315789473684
1 0.40875 0.2781954887218045 0.0425 0.07518796992481203
1 0.375 0.2951127819548872 0.03 0.05639097744360902
1 0.2925 0.25 0.03 0.05639097744360902
1 0.46125 0.24624060150375937 0.0225 0.04887218045112782
1 0.56375 0.2593984962406015 0.0325 0.05263157894736842
1 0.7025 0.268796992481203 0.045 0.07894736842105263
1 0.8375 0.2800751879699248 0.045 0.09398496240601503
1 0.755 0.2725563909774436 0.025 0.06390977443609022
0 0.355 0.2631578947368421 0.025 0.045112781954887216
1 0.26125 0.2988721804511278 0.0225 0.041353383458646614
1 0.21375 0.28195488721804507 0.0175 0.03759398496240601
1 0.165 0.2857142857142857 0.02 0.045112781954887216
0 0.11875000000000001 0.2932330827067669 0.0175 0.03759398496240601
1 0.09625 0.2932330827067669 0.0175 0.03759398496240601
1 0.0175 0.2969924812030075 0.015 0.03007518796992481
