1 0.48625 0.4419475655430712 0.0625 0.09737827715355805
0 0.21875 0.40636704119850187 0.0475 0.07865168539325842
1 0.70625 0.40262172284644193 0.0575 0.08614232209737828
0 0.60375 0.3801498127340824 0.0425 0.06367041198501873
1 0.14 0.45318352059925093 0.045 0.08239700374531836
1 0.3825 0.4363295880149813 0.045 0.08614232209737828
1 0.29625 0.36891385767790263 0.0425 0.07116104868913858
1 0.37375 0.34831460674157305 0.0325 0.052434456928838954
0 0.55125 0.39887640449438205 0.0375 0.07116104868913858
1 0.47750000000000004 0.3539325842696629 0.035 0.056179775280898875
1 0.81 0.33707865168539325 0.035 0.052434456928838954
