0 0.90625 0.3935185185185185 0.0525 0.16666666666666666
0 0.75375 0.40046296296296297 0.0525 0.14351851851851852
0 0.6775 0.38888888888888884 0.06 0.1111111111111111
0 0.58875 0.375 0.0675 0.12037037037037036
0 0.52875 0.3819444444444444 0.0475 0.10648148148148148
0 0.45875 0.41666666666666663 0.0525 0.12037037037037036
0 0.40125 0.3680555555555555 0.0425 0.08796296296296297
0 0.30625 0.3935185185185185 0.0475 0.12037037037037036
0 0.19375 0.40046296296296297 0.0475 0.125
0 0.10125 0.375 0.0625 0.10185185185185185
