1 0.043333333333333335 0.6873449131513648 0.03666666666666667 0.0794044665012407
1 0.12916666666666668 0.6972704714640199 0.03166666666666667 0.07444168734491315
1 0.22666666666666668 0.6612903225806451 0.03333333333333333 0.062034739454094295
1 0.26166666666666666 0.6377171215880894 0.02666666666666667 0.05955334987593052
1 0.48750000000000004 0.7022332506203474 0.03833333333333334 0.08436724565756824
1 0.4391666666666667 0.6265508684863523 0.035 0.06699751861042183
1 0.4025 0.5794044665012407 0.03166666666666667 0.06699751861042183
1 0.32583333333333336 0.5694789081885856 0.025 0.062034739454094295
1 0.4683333333333334 0.5744416873449132 0.030000000000000002 0.05707196029776675
1 0.4766666666666667 0.5310173697270472 0.030000000000000002 0.04962779156327543
1 0.5208333333333334 0.5384615384615384 0.028333333333333335 0.05955334987593052
1 0.5516666666666667 0.5843672456575683 0.03333333333333333 0.06699751861042183
1 0.5883333333333334 0.6488833746898263 0.03333333333333333 0.07196029776674938
1 0.6283333333333334 0.5607940446650124 0.030000000000000002 0.06451612903225806
1 0.5616666666666666 0.49007444168734493 0.02666666666666667 0.052109181141439205
1 0.6758333333333334 0.5198511166253101 0.03166666666666667 0.07196029776674938
1 0.7050000000000001 0.49007444168734493 0.02666666666666667 0.05707196029776675
1 0.6725000000000001 0.34863523573200994 0.011666666666666667 0.03225806451612903
1 0.7400000000000001 0.5086848635235732 0.030000000000000002 0.05955334987593052
1 0.7425 0.5707196029776674 0.03166666666666667 0.05459057071960298
1 0.6858333333333334 0.6401985111662531 0.03166666666666667 0.0794044665012407
1 0.7150000000000001 0.6612903225806451 0.03333333333333333 0.07692307692307693
1 0.785 0.6191066997518611 0.030000000000000002 0.07692307692307693
1 0.8700000000000001 0.673697270471464 0.043333333333333335 0.09181141439205956
1 0.8033333333333333 0.5024813895781638 0.02666666666666667 0.062034739454094295
1 0.8325 0.5496277915632755 0.035 0.062034739454094295
1 0.9466666666666668 0.6985111662531017 0.03333333333333333 0.07692307692307693
1 0.93 0.6401985111662531 0.030000000000000002 0.06947890818858561
1 0.5166666666666667 0.6674937965260546 0.04 0.07444168734491315
1 0.3975 0.47022332506203474 0.025 0.052109181141439205
1 0.023333333333333334 0.5893300248138957 0.030000000000000002 0.05707196029776675
1 0.07416666666666667 0.56575682382134 0.028333333333333335 0.05955334987593052
1 0.1575 0.5620347394540943 0.03166666666666667 0.062034739454094295
1 0.12000000000000001 0.5148883374689827 0.02666666666666667 0.04714640198511166
1 0.0775 0.5186104218362283 0.025 0.04466501240694789
1 0.09583333333333334 0.45037220843672454 0.021666666666666667 0.04714640198511166
1 0.14500000000000002 0.4305210918114144 0.023333333333333334 0.052109181141439205
1 0.19833333333333333 0.5930521091811415 0.02666666666666667 0.05955334987593052
1 0.23333333333333334 0.5843672456575683 0.030000000000000002 0.06699751861042183
1 0.25 0.5297766749379652 0.02666666666666667 0.04714640198511166
1 0.35333333333333333 0.5372208436724566 0.023333333333333334 0.052109181141439205
1 0.29500000000000004 0.43300248138957814 0.023333333333333334 0.04218362282878412
1 0.38 0.3933002481389578 0.016666666666666666 0.03722084367245657
1 0.4166666666666667 0.38957816377171217 0.016666666666666666 0.03970223325062035
1 0.4816666666666667 0.39702233250620345 0.016666666666666666 0.04466501240694789
1 0.5008333333333334 0.4032258064516129 0.018333333333333333 0.04714640198511166
1 0.2316666666666667 0.3933002481389578 0.016666666666666666 0.03225806451612903
1 0.25083333333333335 0.39702233250620345 0.015000000000000001 0.034739454094292806
1 0.26583333333333337 0.38089330024813894 0.021666666666666667 0.04218362282878412
1 0.14083333333333334 0.3387096774193548 0.015000000000000001 0.02729528535980149
1 0.29250000000000004 0.3933002481389578 0.018333333333333333 0.03722084367245657
1 0.36583333333333334 0.3424317617866005 0.015000000000000001 0.034739454094292806
1 0.4316666666666667 0.27543424317617865 0.013333333333333334 0.024813895781637715
1 0.33416666666666667 0.3337468982630273 0.011666666666666667 0.02729528535980149
1 0.3925 0.3225806451612903 0.015000000000000001 0.02977667493796526
1 0.4316666666666667 0.3411910669975186 0.013333333333333334 0.03225806451612903
1 0.445 0.3511166253101737 0.013333333333333334 0.02729528535980149
1 0.36583333333333334 0.2456575682382134 0.011666666666666667 0.02977667493796526
1 0.09916666666666667 0.3511166253101737 0.011666666666666667 0.022332506203473945
1 0.18833333333333335 0.3709677419354839 0.013333333333333334 0.02729528535980149
1 0.1975 0.2990074441687345 0.011666666666666667 0.022332506203473945
1 0.11 0.27543424317617865 0.013333333333333334 0.024813895781637715
1 0.24083333333333334 0.29528535980148884 0.011666666666666667 0.019851116625310174
1 0.29833333333333334 0.29652605459057074 0.013333333333333334 0.022332506203473945
1 0.3191666666666667 0.3188585607940447 0.011666666666666667 0.02729528535980149
0 0.6891666666666667 0.3560794044665012 0.018333333333333333 0.03225806451612903
1 0.26416666666666666 0.33126550868486354 0.011666666666666667 0.022332506203473945
1 0.14500000000000002 0.2667493796526055 0.01 0.022332506203473945
1 0.2341666666666667 0.36724565756823824 0.015000000000000001 0.02977667493796526
1 0.0825 0.38957816377171217 0.015000000000000001 0.02977667493796526
1 0.0625 0.40818858560794047 0.018333333333333333 0.02729528535980149
1 0.26916666666666667 0.27543424317617865 0.011666666666666667 0.019851116625310174
