0 0.5650000000000001 0.05991735537190083 0.09 0.1115702479338843
1 0.70875 0.07024793388429752 0.0525 0.08264462809917356
1 0.7725 0.05578512396694215 0.045 0.10330578512396695
1 0.35125 0.07231404958677687 0.0275 0.05371900826446281
1 0.14125000000000001 0.03925619834710744 0.0275 0.05371900826446281
1 0.44625000000000004 0.09917355371900827 0.0225 0.049586776859504134
1 0.47250000000000003 0.10743801652892562 0.02 0.04132231404958678
1 0.2975 0.08884297520661158 0.03 0.045454545454545456
1 0.23500000000000001 0.05991735537190083 0.025 0.045454545454545456
1 0.18625 0.05785123966942149 0.0225 0.04132231404958678
1 0.40125 0.08057851239669422 0.0225 0.045454545454545456
1 0.21125 0.05371900826446281 0.0225 0.04132231404958678
